Node ID  | Type   | CC0          | CC1          | CO          
--------------------------------------------------------------
1        | PI     | 1            | 1            | 21          
4        | PI     | 1            | 1            | 18          
8        | PI     | 1            | 1            | 36          
11       | PI     | 1            | 1            | 21          
14       | PI     | 1            | 1            | 71          
17       | PI     | 1            | 1            | 16          
21       | PI     | 1            | 1            | 34          
24       | PI     | 1            | 1            | 21          
27       | PI     | 1            | 1            | 69          
30       | PI     | 1            | 1            | 16          
34       | PI     | 1            | 1            | 34          
37       | PI     | 1            | 1            | 21          
40       | PI     | 1            | 1            | 69          
43       | PI     | 1            | 1            | 18          
47       | PI     | 1            | 1            | 36          
50       | PI     | 1            | 1            | 21          
53       | PI     | 1            | 1            | 71          
56       | PI     | 1            | 1            | 16          
60       | PI     | 1            | 1            | 34          
63       | PI     | 1            | 1            | 21          
66       | PI     | 1            | 1            | 69          
69       | PI     | 1            | 1            | 21          
73       | PI     | 1            | 1            | 41          
76       | PI     | 1            | 1            | 21          
79       | PI     | 1            | 1            | 77          
82       | PI     | 1            | 1            | 21          
86       | PI     | 1            | 1            | 40          
89       | PI     | 1            | 1            | 21          
92       | PI     | 1            | 1            | 75          
95       | PI     | 1            | 1            | 21          
99       | PI     | 1            | 1            | 41          
102      | PI     | 1            | 1            | 21          
105      | PI     | 1            | 1            | 79 [TOP]    
108      | PI     | 1            | 1            | 21          
112      | PI     | 1            | 1            | 41          
115      | PI     | 1            | 1            | 79 [TOP]    
118      | NOT    | 2            | 2            | 20          
119      | NOT    | 2            | 2            | 40          
122      | NOT    | 2            | 2            | 20          
123      | NOT    | 2            | 2            | 40          
126      | NOT    | 2            | 2            | 20          
127      | NOT    | 2            | 2            | 40          
130      | NOT    | 2            | 2            | 20          
131      | NOT    | 2            | 2            | 40          
134      | NOT    | 2            | 2            | 20          
135      | NOT    | 2            | 2            | 40          
138      | NOT    | 2            | 2            | 20          
139      | NOT    | 2            | 2            | 40          
142      | NOT    | 2            | 2            | 20          
143      | NOT    | 2            | 2            | 40          
146      | NOT    | 2            | 2            | 20          
147      | NOT    | 2            | 2            | 40          
150      | NOT    | 2            | 2            | 20          
151      | NOT    | 2            | 2            | 40          
154      | NAND   | 4            | 2            | 18          
157      | NOR    | 2            | 4            | 38          
158      | NOR    | 2            | 4            | 89 [TOP]    
159      | NAND   | 4            | 2            | 18          
162      | NAND   | 4            | 2            | 18          
165      | NAND   | 4            | 2            | 18          
168      | NAND   | 4            | 2            | 18          
171      | NAND   | 4            | 2            | 18          
174      | NAND   | 4            | 2            | 18          
177      | NAND   | 4            | 2            | 18          
180      | NAND   | 4            | 2            | 18          
183      | NOR    | 2            | 4            | 38          
184      | NOR    | 2            | 4            | 89 [TOP]    
185      | NOR    | 2            | 4            | 38          
186      | NOR    | 2            | 4            | 89 [TOP]    
187      | NOR    | 2            | 4            | 38          
188      | NOR    | 2            | 4            | 89 [TOP]    
189      | NOR    | 2            | 4            | 38          
190      | NOR    | 2            | 4            | 89 [TOP]    
191      | NOR    | 2            | 4            | 38          
192      | NOR    | 2            | 4            | 89 [TOP]    
193      | NOR    | 2            | 4            | 38          
194      | NOR    | 2            | 4            | 89 [TOP]    
195      | NOR    | 2            | 4            | 38          
196      | NOR    | 2            | 4            | 89 [TOP]    
197      | NOR    | 2            | 4            | 38          
198      | NOR    | 2            | 4            | 89 [TOP]    
199      | AND    | 5            | 19           | 1           
203      | NOT    | 20           | 6            | 34          
213      | NOT    | 20           | 6            | 17          
223      | NOT    | 20           | 6            | 0           
224      | XOR    | 9            | 11           | 31          
227      | XOR    | 9            | 11           | 31          
230      | XOR    | 9            | 11           | 31          
233      | XOR    | 9            | 11           | 31          
236      | XOR    | 9            | 11           | 31          
239      | XOR    | 9            | 11           | 31          
242      | NAND   | 8            | 2            | 17          
243      | XOR    | 9            | 11           | 31          
246      | NAND   | 8            | 2            | 15          
247      | XOR    | 9            | 11           | 31          
250      | NAND   | 8            | 2            | 15          
251      | XOR    | 9            | 11           | 31          
254      | NAND   | 8            | 2            | 17          
255      | NAND   | 8            | 2            | 15          
256      | NAND   | 8            | 2            | 23          
257      | NAND   | 8            | 2            | 21          
258      | NAND   | 8            | 2            | 25          
259      | NAND   | 8            | 2            | 25          
260      | NAND   | 16           | 3            | 26          
263      | NAND   | 16           | 3            | 77          
264      | NAND   | 16           | 3            | 26          
267      | NAND   | 16           | 3            | 26          
270      | NAND   | 16           | 3            | 26          
273      | NAND   | 16           | 3            | 26          
276      | NAND   | 16           | 3            | 26          
279      | NAND   | 16           | 3            | 26          
282      | NAND   | 16           | 3            | 26          
285      | NAND   | 16           | 3            | 26          
288      | NAND   | 16           | 3            | 77          
289      | NAND   | 16           | 3            | 77          
290      | NAND   | 16           | 3            | 77          
291      | NAND   | 16           | 3            | 77          
292      | NAND   | 16           | 3            | 77          
293      | NAND   | 16           | 3            | 77          
294      | NAND   | 16           | 3            | 77          
295      | NAND   | 16           | 3            | 77          
296      | AND    | 17           | 28           | 1           
300      | NOT    | 4            | 17           | 76          
301      | NOT    | 4            | 17           | 76          
302      | NOT    | 4            | 17           | 76          
303      | NOT    | 4            | 17           | 76          
304      | NOT    | 4            | 17           | 76          
305      | NOT    | 4            | 17           | 76          
306      | NOT    | 4            | 17           | 76          
307      | NOT    | 4            | 17           | 76          
308      | NOT    | 4            | 17           | 76          
309      | NOT    | 29           | 18           | 64          
319      | NOT    | 29           | 18           | 17          
329      | NOT    | 29           | 18           | 0           
330      | XOR    | 22           | 33 [TOP]     | 60          
331      | XOR    | 22           | 33 [TOP]     | 60          
332      | XOR    | 22           | 33 [TOP]     | 60          
333      | XOR    | 22           | 33 [TOP]     | 60          
334      | NAND   | 20           | 2            | 17          
335      | XOR    | 22           | 33 [TOP]     | 60          
336      | NAND   | 20           | 2            | 15          
337      | XOR    | 22           | 33 [TOP]     | 60          
338      | NAND   | 20           | 2            | 15          
339      | XOR    | 22           | 33 [TOP]     | 60          
340      | NAND   | 20           | 2            | 17          
341      | XOR    | 22           | 33 [TOP]     | 60          
342      | NAND   | 20           | 2            | 15          
343      | XOR    | 22           | 33 [TOP]     | 60          
344      | NAND   | 20           | 2            | 23          
345      | NAND   | 20           | 2            | 21          
346      | NAND   | 20           | 2            | 25          
347      | NAND   | 20           | 2            | 25          
348      | NAND   | 51           | 5            | 42          
349      | NAND   | 51           | 5            | 42          
350      | NAND   | 51           | 5            | 42          
351      | NAND   | 51           | 5            | 42          
352      | NAND   | 51           | 5            | 42          
353      | NAND   | 51           | 5            | 42          
354      | NAND   | 51           | 5            | 42          
355      | NAND   | 51           | 5            | 42          
356      | NAND   | 51           | 5            | 42          
357      | AND    | 52 [TOP]     | 46 [TOP]     | 1           
360      | NOT    | 47           | 53 [TOP]     | 17          
370      | NOT    | 47           | 53 [TOP]     | 0           
371      | NAND   | 55 [TOP]     | 2            | 17          
372      | NAND   | 55 [TOP]     | 2            | 15          
373      | NAND   | 55 [TOP]     | 2            | 15          
374      | NAND   | 55 [TOP]     | 2            | 17          
375      | NAND   | 55 [TOP]     | 2            | 15          
376      | NAND   | 55 [TOP]     | 2            | 23          
377      | NAND   | 55 [TOP]     | 2            | 21          
378      | NAND   | 55 [TOP]     | 2            | 25          
379      | NAND   | 55 [TOP]     | 2            | 25          
380      | NAND   | 8            | 2            | 11          
381      | NAND   | 8            | 2            | 9           
386      | NAND   | 8            | 2            | 9           
393      | NAND   | 8            | 2            | 11          
399      | NAND   | 8            | 2            | 9           
404      | NAND   | 8            | 2            | 17          
407      | NAND   | 8            | 2            | 15          
411      | NAND   | 8            | 2            | 19          
414      | NAND   | 8            | 2            | 19          
415      | NOT    | 3            | 9            | 10          
416      | AND    | 9            | 17           | 4           
417      | NOT    | 3            | 9            | 10          
418      | NOT    | 3            | 9            | 16          
419      | NOT    | 3            | 9            | 14          
420      | NOT    | 3            | 9            | 18          
421      | NOR    | 10           | 13           | 0           
422      | NAND   | 12           | 4            | 7           
425      | NAND   | 16           | 4            | 9           
428      | NAND   | 14           | 4            | 9           
429      | NAND   | 16           | 4            | 11          
430      | NAND   | 11           | 9            | 0           
431      | NAND   | 13           | 9            | 0           
432      | NAND   | 15           | 9            | 0           
